numVariables,p values->
Equations Not Satisfied for matrix size:10
12-random-vals:,-0.9342683782988572,-0.8743733550300221,-0.7091090428874545,-0.6794026143488905,-0.14395619706375973,0.0072254898813775,0.058584904616660216,0.12964622136747628,0.21273324631484325,0.27568172404315905,0.6670980024983808,0.7658122807225973
12-probabilities:,0.15135398845711373,0.11851637551383847,0.060348495495702655,0.05346079301662708,0.006006317849047751,0.003238996922431524,0.0026267512248105253,0.001965340592257739,0.001400092461997751,0.0010828526222422614,0.3596572854618175,0.24034271124524698
14-random-vals:,-0.9035364456727404,-0.6496664415817002,-0.5186994962818432,-0.401894502766567,-0.2648589249018145,-0.0685992667389792,-0.04698584102933423,0.060170965945800736,0.08844310123399901,0.11355086533269887,0.5027163935716041,0.6938930870932059,0.7308480624289246,0.7557861465229914
14-probabilities:,0.240460282291483,0.06624103015265285,0.03613295969477735,0.02177052709694247,0.0125141690849593,0.006111070157837944,0.005678319266634412,0.004010073853390226,0.00367501977202064,0.0034065537725301697,0.2001585272407267,0.14026515241790913,0.13224772887627265,0.12732859322559947
16-random-vals:,-0.9855871809757197,-0.6453737987319763,-0.5258178809078968,-0.49425899269793616,-0.4588529559761698,-0.4382182999267812,-0.3480058950672549,-0.26380630294101937,-0.21620887630089136,-0.15388139264404166,-0.04755217605732498,0.06365264909474933,0.07414023389188151,0.4801547195278246,0.5671413455333565,0.8624308788499091
16-probabilities:,0.19769536003639582,0.05030933961642975,0.030692313633443193,0.026921608165378086,0.02323433832939796,0.021320973117603777,0.014635775242338627,0.010300493074399569,0.008446719004421406,0.006517825792436858,0.004197563991746123,0.002660834322254271,0.002549604240925463,0.0005172527549710551,0.4418112642957121,0.15818873796066793
18-random-vals:,-0.9440092690208766,-0.867798566415455,-0.6605367900733561,-0.6254991315655007,-0.5920128999833771,-0.5097908779112814,-0.39715276702737623,-0.3242258515078835,-0.12733887524054155,0.21923242046086022,0.24146406279070542,0.26185848427631475,0.3194603025017797,0.43089813955849676,0.5502324207202052,0.7422966827341966,0.777257622230817,0.9510134264914718
18-probabilities:,0.13703132817765826,0.09951295709794125,0.04169005713064447,0.0359878441000677,0.031268529910501795,0.022141776314378865,0.013800211892622986,0.010161473071196938,0.004447003428079901,0.0010376576453154848,0.0009452108445940699,0.0008676465897684771,0.0006814258922976078,0.000426881507925459,0.2973149141973732,0.1327630366981842,0.11464143576036794,0.0552806138838979
20-random-vals:,-0.9655862044207901,-0.8815963903920707,-0.6582980492165664,-0.6350010411534253,-0.6319114699421005,-0.5074407670235581,-0.47869806530963976,-0.42035833180011983,-0.37808981714587975,-0.2962471561942015,-0.25190252003710234,-0.11987729319982043,0.00794206386544083,0.26444754580572183,0.40670503987221895,0.5809838059858654,0.7268884461188598,0.8974478197729234,0.9040281888152768,0.9049638002062361
20-probabilities:,0.1599738626096498,0.10218054675707493,0.031030586610567644,0.02740268727112102,0.026954564346764145,0.013873370186461976,0.011900318106574598,0.008716391841419842,0.00695598751342126,0.004494425478828397,0.0035469332085163448,0.001753048552564164,0.0008861498211248953,0.00022553502679280838,0.00010559696896712287,0.3000690539497799,0.13773743934920538,0.055428546751674024,0.053515744482784566,0.05324921885451691
22-random-vals:,-0.9916696024310969,-0.9739178847978431,-0.621700427090736,-0.5621970488769585,-0.5278098667711759,-0.4799381288545612,-0.4500150020136222,-0.3929170359485792,-0.22697621676721025,-0.00566389689648461,0.040813185968472165,0.05141985712900121,0.14684291680406947,0.3949902720170315,0.5566890215378091,0.5984595116339826,0.632729922365505,0.7537002561670354,0.8061028786147946,0.8299432038464087,0.8601574709346789,0.869914518897041
22-probabilities:,0.11892414986565383,0.11543993513511218,0.040485453470269925,0.03156778190472286,0.027135582161500894,0.02179825387874129,0.01892188831881025,0.014315692936757716,0.00603010230532515,0.0017706857124166384,0.001364666873372495,0.0012859949697092347,0.0007562496820434002,0.00020357100378207371,0.1339574894075397,0.11216656804076765,0.09757748049851026,0.0627665753156773,0.053268329671779524,0.04972924514414186,0.04583280602553004,0.04470150621359276
24-random-vals:,-0.9057257046835312,-0.7527363936409259,-0.623415158949219,-0.4999664628086484,-0.3643564688353338,-0.28557670801948243,-0.1771979218452,-0.060502609658130035,-0.0036992280971448466,0.00436747029243123,0.007746099272203821,0.2793774130692941,0.2952727918260234,0.3182463367016517,0.32553503427117003,0.34396876802110077,0.3947479936516387,0.41928164253792444,0.4589338512339214,0.4594447149347729,0.5111356678348407,0.7234020706920736,0.7333583891642872,0.9200852511046353
24-probabilities:,0.19167525363767454,0.08843231386840335,0.04684117113717812,0.025942177868076642,0.013800795290351034,0.009645892999324371,0.0059536150538372955,0.003588407661098849,0.002818583819853683,0.0027242837863159564,0.0026857831749981806,0.0008881507292102615,0.0008343919833992324,0.000762739213965471,0.0007414015268112683,0.0006902297666450652,0.0005678230140942777,0.0005172024271525102,0.00044532339240193524,0.00044447026981147593,0.2783289775649076,0.12974119136098985,0.12531846821376408,0.06661136349402862
26-random-vals:,-0.927268079975649,-0.8937454183018516,-0.8452683954161191,-0.6861814394802366,-0.6589640212265921,-0.34755301223437907,-0.31983667319735365,-0.27401229842406893,-0.24291109202648764,-0.20286287566748795,-0.20166478055681059,-0.17666793490721378,-0.14372830597241193,0.021146913418220503,0.08884788561555768,0.21814081866227997,0.2655051489619231,0.2717962609751192,0.279410978193682,0.37013645531280703,0.46456170052503665,0.501128520257349,0.641252547126129,0.8593377228227086,0.8807406793708792,0.9653324235596514
26-probabilities:,0.0980296423586903,0.08629868015409174,0.071772882990868,0.03920050704585361,0.03534669691702228,0.010816170470574637,0.009735968349143148,0.0081802303448418,0.007268206169694805,0.00624191259153916,0.006213550160204809,0.005650323007067788,0.00498534350929407,0.0026639158598244102,0.002059343318556875,0.0012594726889633354,0.0010519397335848868,0.001027086266314749,0.0009977889042475738,0.0007067744565580167,0.0004935696633378735,0.2666018686362531,0.15649670374057087,0.06829932788960819,0.06296123498402217,0.045640867331123554
28-random-vals:,-0.875833405960359,-0.778930973479864,-0.7341618515838972,-0.7107444907814762,-0.6663345024152543,-0.6101811577945906,-0.5611081174661028,-0.5546531288783321,-0.5523394798579702,-0.5075685658528271,-0.4266396996085897,-0.31445449632883493,-0.30505995143170606,-0.3025189878543286,-0.27599699230325925,-0.19308309736525509,-0.06614316705335965,0.03791045908537982,0.11094782825345151,0.20199805491174705,0.26243836339541327,0.4075056148561267,0.41503961720789895,0.5531885098775136,0.7122764361485341,0.8702757927645646,0.931420870355764,0.989056855028156
28-probabilities:,0.1848958699877398,0.05597783121342782,0.03498660121231542,0.027894940587757336,0.0188000349377688,0.012144103357624315,0.008738645973179847,0.008397555118428652,0.008280146587131254,0.006428149667491228,0.004435901336410325,0.003110966134859833,0.003041947422969274,0.0030240728531290557,0.002855905570859393,0.002499648355494249,0.0022599386150567967,0.002201301948783216,0.0021851651206869567,0.002150431124084224,0.002097283769731798,0.0018078944588669028,0.0017856709267662792,0.33961579981552176,0.16595203466823394,0.05147442663721359,0.02823181258291544,0.014725931645781426
30-random-vals:,-0.9417063478041523,-0.9184804661860597,-0.9028368917439451,-0.8337807675203361,-0.7760898678477093,-0.7049684453544331,-0.6740956026771854,-0.6311356428343939,-0.4444024189685931,-0.44127526354253344,-0.4405692766813951,-0.40217737241647544,-0.3741928409343056,-0.3495909740571854,-0.3472055638170133,-0.2923369110383387,-0.27354860407487624,-0.23437498664604073,-0.11944135844888804,0.052055450389351776,0.1378008920806626,0.2683503133442158,0.37701151843994096,0.4061518074687802,0.44220585092578,0.5869345285977849,0.6385654675063415,0.7661468348394378,0.8843612284370914,0.9292451638678789
30-probabilities:,0.07318234868861474,0.06578925472392165,0.06123538365831731,0.04461518918514277,0.034244991251152185,0.0247153384710438,0.021452852262475928,0.017617014518483826,0.007482761369825996,0.007376228985575447,0.007352388815867096,0.006165569168360833,0.005423122656961544,0.004844673957953754,0.004791981202448458,0.0037261324609856195,0.0034185345460613875,0.0028562955765404625,0.0016857679610420928,0.0007676695491205434,0.0005179900401366466,0.00028517361977596726,0.00017325540904032628,0.00015159066683418756,0.0001285019331863432,0.22282863613503143,0.1758526720216403,0.0979707202920405,0.05697462288045035,0.04637334945352664
