numVariables,p values->
2-random-vals:,0.7468588055836325,0.937081325641864
2-probabilities:,0.500000000427412,0.500000000427412
4-random-vals:,-0.9772023914451402,-0.5345433440454186,0.06171138311119795,0.7383890804278399
4-probabilities:,0.25000000012437257,0.25000000012437257,0.25000000012437257,0.25000000012437257
6-random-vals:,-0.19529727992527035,-0.13906236341501899,-0.04321640839519514,0.04534934270513924,0.08677203508508069,0.11071294764466089
6-probabilities:,0.16666666690173854,0.16666666690173854,0.16666666690173854,0.16666666690173854,0.16666666690173854,0.16666666690173854
8-random-vals:,-0.562397878360344,-0.4218499439638246,-0.3324519089786593,-0.14781645904761564,0.2393641922068792,0.4247491481641825,0.521791151205858,0.9477104824008924
8-probabilities:,0.12500000041711007,0.12500000041711007,0.12500000041711007,0.12500000041711007,0.12500000041711007,0.12500000041711007,0.12500000041711007,0.12500000041711007
10-random-vals:,-0.8683832244255771,-0.8581143104996025,-0.7442885741499363,-0.5504601220639092,-0.35573841359164127,-0.30907677600426586,-0.21273017011279016,0.7922900097612704,0.9657410931068675,0.9694988745705426
10-probabilities:,0.10000000050878134,0.10000000050878134,0.10000000050878134,0.10000000050878134,0.10000000050878134,0.10000000050878134,0.10000000050878134,0.10000000050878134,0.10000000050878134,0.10000000050878134
12-random-vals:,-0.9425359020734092,-0.8626197330836856,-0.45970851681706937,-0.36062040706594467,-0.2966305274597598,-0.23808222159229397,-0.1350481344191683,0.20728895273822245,0.2764776122462427,0.5283202627319201,0.6021117726527889,0.8776078266215435
12-probabilities:,0.08333333381859315,0.08333333381859315,0.08333333381859315,0.08333333381859315,0.08333333381859315,0.08333333381859315,0.08333333381859315,0.08333333381859315,0.08333333381859315,0.08333333381859315,0.08333333381859315,0.08333333381859315
14-random-vals:,-0.9359836871484064,-0.9221754047153563,-0.7992264115509014,-0.6980597846850072,-0.6236549694133715,-0.5693644010545076,-0.10715418496419482,-0.08910435578813392,0.07228861335914893,0.16792908700193343,0.2541112937104968,0.5803450826765713,0.5911491168579532,0.9771930362274586
14-probabilities:,0.07142857213452602,0.07142857213452602,0.07142857213452602,0.07142857213452602,0.07142857213452602,0.07142857213452602,0.07142857213452602,0.07142857213452602,0.07142857213452602,0.07142857213452602,0.07142857213452602,0.07142857213452602,0.07142857213452602,0.07142857213452602
16-random-vals:,-0.9822554288296983,-0.8642071928692616,-0.6282326289604581,-0.25052298996444766,-0.1370127382392785,-0.1303675432328224,-0.05821483671230099,0.021160910506540676,0.05941063340380914,0.19150049174805162,0.1981725058802788,0.3239654245489354,0.44184893337516695,0.46231686396132554,0.8793020788823496,0.8866363689264036
16-probabilities:,0.0625000000295382,0.0625000000295382,0.0625000000295382,0.0625000000295382,0.0625000000295382,0.0625000000295382,0.0625000000295382,0.0625000000295382,0.0625000000295382,0.0625000000295382,0.0625000000295382,0.0625000000295382,0.0625000000295382,0.0625000000295382,0.0625000000295382,0.0625000000295382
18-random-vals:,-0.593180455696019,-0.40293029743274955,-0.38720828672153296,-0.1912090704504692,-0.04839195587245215,-0.012791004157064023,0.021164493364364878,0.05544767683982421,0.17426070247059444,0.21535226143557518,0.4130310868109126,0.4413560229596438,0.44676682997454753,0.6378711540651725,0.645564840995053,0.6601233219862352,0.7325233657632948,0.8784082720477433
18-probabilities:,0.0555555558454176,0.0555555558454176,0.0555555558454176,0.0555555558454176,0.0555555558454176,0.0555555558454176,0.0555555558454176,0.0555555558454176,0.0555555558454176,0.0555555558454176,0.0555555558454176,0.0555555558454176,0.0555555558454176,0.0555555558454176,0.0555555558454176,0.0555555558454176,0.0555555558454176,0.0555555558454176
20-random-vals:,-0.9833832511348592,-0.7232305865678195,-0.6424859686642648,-0.5458427468334492,-0.5277312594955008,-0.4027495948944,0.004154785270976902,0.12456676792326693,0.23945083319181792,0.2707958283577274,0.3137065884111485,0.46313702960481873,0.5268092292742927,0.5771665289957788,0.6132926704264516,0.6256350712763432,0.6999145803794415,0.9543420030965184,0.968081294746961,0.9942373230730439
20-probabilities:,0.05000000050392685,0.05000000050392685,0.05000000050392685,0.05000000050392685,0.05000000050392685,0.05000000050392685,0.05000000050392685,0.05000000050392685,0.05000000050392685,0.05000000050392685,0.05000000050392685,0.05000000050392685,0.05000000050392685,0.05000000050392685,0.05000000050392685,0.05000000050392685,0.05000000050392685,0.05000000050392685,0.05000000050392685,0.05000000050392685
