
ECOS 2.0.7 - (C) embotech GmbH, Zurich Switzerland, 2012-15. Web: www.embotech.com/ECOS

It     pcost       dcost      gap   pres   dres    k/t    mu     step   sigma     IR    |   BT
 0  +0.000e+00  -2.913e-01  +3e+01  8e-01  8e-01  1e+00  1e+00    ---    ---    1  1  - |  -  - 
 1  +5.351e-02  -3.845e-02  +7e+00  1e-01  1e-01  1e-01  3e-01  0.7483  6e-02   1  1  1 |  0  0
 2  -1.431e-02  -1.485e-03  +2e+00  3e-02  1e-02  5e-02  1e-01  0.7165  2e-01   1  1  1 |  0  0
 3  +3.671e-02  +1.127e-01  +3e+00  8e-02  2e-02  2e-01  1e-01  0.2262  8e-01   2  2  2 |  0  0
 4  +1.071e-01  +1.317e-01  +1e+00  4e-02  9e-03  6e-02  6e-02  0.6814  2e-01   2  2  2 |  0  0
 5  +1.755e-01  +1.901e-01  +8e-01  4e-02  7e-03  5e-02  4e-02  0.7237  4e-01   2  2  2 |  0  0
 6  +1.562e-01  +1.423e-01  +5e-01  2e-02  3e-03  3e-04  2e-02  0.9666  6e-01   2  2  2 |  0  0
 7  +2.073e-01  +2.041e-01  +1e-01  6e-03  7e-04  8e-04  5e-03  0.8711  8e-02   2  2  2 |  0  0
 8  +2.142e-01  +2.129e-01  +5e-02  4e-03  4e-04  9e-04  2e-03  0.7180  3e-01   2  2  2 |  0  0
 9  +2.145e-01  +2.144e-01  +6e-03  4e-04  4e-05  1e-04  3e-04  0.8938  1e-02   2  2  2 |  0  0
10  +2.150e-01  +2.150e-01  +2e-03  2e-04  2e-05  6e-05  1e-04  0.7862  3e-01   2  2  2 |  0  0
11  +2.151e-01  +2.150e-01  +5e-04  3e-05  3e-06  1e-05  2e-05  0.8816  8e-02   2  1  2 |  0  0
12  +2.151e-01  +2.151e-01  +8e-05  6e-06  5e-07  2e-06  4e-06  0.9206  1e-01   2  2  2 |  0  0
13  +2.151e-01  +2.151e-01  +3e-06  2e-07  2e-08  9e-08  1e-07  0.9582  1e-04   3  2  2 |  0  0
14  +2.151e-01  +2.151e-01  +1e-07  1e-08  9e-10  4e-09  6e-09  0.9573  4e-04   3  1  1 |  0  0
15  +2.151e-01  +2.151e-01  +5e-09  4e-10  3e-11  1e-10  2e-10  0.9689  4e-03   2  1  1 |  0  0

OPTIMAL (within feastol=3.6e-10, reltol=2.3e-08, abstol=5.0e-09).
Runtime: 0.002062 seconds.

